0.035618   108.102950
0.050618   107.672816
0.065618   109.766066
0.080618   110.625456
0.095618   110.128014
0.110618   111.187074
0.125618   113.093270
0.140618   114.378296
0.155618   115.561655
0.170618   116.801127
0.185618   120.284053
0.200618   121.987629
0.215618   122.824360
0.230618   123.938584
0.245618   126.420164
0.260618   131.574560
0.275618   138.105260
0.290618   142.487894
0.305618   146.981264
0.320618   151.229916
0.335618   154.872604
0.350618   158.067071
0.365618   161.132910
0.380618   163.794131
0.395618   165.605998
0.410618   166.155676
0.425618   166.404474
0.440618   165.262096
0.455618   164.504013
0.470618   164.535221
0.485618   165.543503
0.500618   165.649589
0.515618   164.956462
0.530618   163.096456
0.545618   161.348274
0.560618   159.155746
0.575618   157.988823
0.590618   158.443680
0.605618   158.464004
0.620618   158.566813
0.635618   158.287806
0.650618   157.921927
0.665618   157.312622
0.680618   155.353047
0.695618   153.435571
0.710618   150.341771
0.725618   149.344317
0.740618   148.092973
0.755618   146.003793
0.770618   145.249669
0.785618   142.046828
0.800618   141.686973
0.815618   139.635863
0.830618   136.291593
0.845618   131.674927
0.860618   129.184903
0.875618   124.735984
0.890618   121.801379
0.905618   119.758087
0.920618   116.237216
0.935618   115.559369
0.950618   114.951610
0.965618   114.575241
0.980618   114.780637
0.995618   113.987656
1.010618   112.000694
1.025618   111.869225
1.040618   111.608601
1.055618   110.652812
1.070618   110.501334
1.085618   111.253584
1.100618   111.204872
1.115618   111.270112
1.130618   110.804816
1.145618   111.591428
1.160618   114.183814
1.175618   118.673092
1.190618   127.063012
1.205618   138.099796
1.220618   148.377571
1.235618   158.152323
1.250618   167.951204
1.265618   181.909259
1.280618   191.397909
1.295618   198.152711
1.310618   203.687540
1.325618   208.929570
1.340618   212.177597
1.355618   216.241225
1.370618   222.993506
1.385618   226.908147
1.400618   226.655130
1.415618   224.283281
1.430618   218.271449
1.445618   211.577151
1.460618   204.398554
1.475618   195.089439
1.490618   187.684804
1.505618   170.495506
1.520618   158.246574
1.535618   149.143487
1.550618   135.818762
1.565618   127.086909
1.580618   119.468594
1.595618   115.844944
1.610618   113.468497
1.625618   112.187148
1.640618   111.641286
1.655618   110.649592
1.670618   108.996808
1.685618   106.713686
1.700618   105.708176
1.715618   104.857415
1.730618   104.335021
1.745618   104.093965
1.760618   102.806694
1.775618   101.227421
1.790618   100.770462
